((("font-size" .
   [0 0 0 0 1 0 0 1 0])
  ("social-insight" .
   [0 0 0 0 1 0 0 0 0 0 0 0 0 0])
  ("h6" .
   [2 0])
  ("Social" .
   [0 0 0 1 1 1])
  ("underline" .
   [0 0 0 0 0 1 0 0 0])
  ("text-decoration" .
   [0 0 0 0 0 0 0 1 0 0 0 0 0 0 0])
  ("br" .
   [1 0])
  ("hr" .
   [1 0])
  ("text-center" .
   [2 0 0 0 0 0 1 0 0 0 0])
  ("現在時間" .
   [0 0 1 0])
  ("increment" .
   [1 0 0 0 0 0 0 0 0])
  ("people" .
   [0 0 2 2 0 0])
  ("sharedInstanceWithToken" .
   [1 0 0 0 0 0 0 0 0 0 0 0 0 0 0 0 0 0 0 0 0 0 0])
  ("Mixpanel" .
   [0 0 4 3 0 1 0 0])
  ("recordEvent" .
   [0 0 0 0 0 0 1 0 0 0 0])
  ("onTimer" .
   [1 0 0 0 0 0 0])
  ("queue" .
   [0 0 0 1 0])
  ("event" .
   [2 0 0 0 0])
  ("synchronized" .
   [0 0 0 1 0 0 0 0 0 0 0 0])
  ("bgTaskHandler設置" .
   [0 0 0 0 1 0 0 0 0 0 0 0 0 0 0])
  ("Data" .
   [0 0 0 1])
  ("DBに保存" .
   [0 0 3 0 0])
  ("Countly" .
   [1 0 0 0 1 0 0])
  ("dict取得" .
   [0 0 0 1 1 0])
  ("JSON化" .
   [0 0 0 0 1])
  ("deviceの基本情報付加" .
   [0 0 2 0 2 0 0 0 0 0 0 0 0])
  ("UUID取得" .
   [0 0 0 0 1 0])
  ("初回起動時ならレート生成、それ以外なら過去に保存したレート使用" .
   [0 0 0 0 0 0 0 0 0 0 0 0 0 1 0 0 0 0 0 0 0 0 0 0 0 0 0 0 0 0 0])
  ("UserInsight" .
   [0 0 1 3 1 0 0 0 1 0 0])
  ("TreasureData" .
   [0 0 0 0 0 0 1 0 0 0 0 0])
  ("続く歩数計" .
   [1 0 1 0 0])
  ("you" .
   [1 0 0])
  ("the" .
   [1 0 0])
  ("steps" .
   [1 0 0 0 0])
  ("calories" .
   [1 0 0 0 0 0 0 0])
  ("duration" .
   [1 0 0 0 1 0 0 0])
  ("distance" .
   [1 0 0 0 0 0 0 0])
  ("your" .
   [1 0 0 0])
  ("Record" .
   [0 0 0 2 0 0])
  ("can" .
   [2 0 0])
  ("worked" .
   [0 0 2 0 0 0])
  ("needs" .
   [0 0 0 1 0])
  ("app" .
   [4 0 0])
  ("発見と成長" .
   [0 0 1 0 0])
  ("insight" .
   [1 0 0 0 0 0 0])
  ("center" .
   [1 0 1 0 0 0])
  ("a" .
   [1])
  ("col-md-12" .
   [2 0 0 0 0 0 0 0 0])
  ("canonical" .
   [1 0 0 0 0 0 0 0 0])
  ("3600*1000*9" .
   [0 0 0 0 0 3 0 0 0 0 0])
  ("24*3600*1000*2" .
   [0 0 0 1 0 0 0 0 0 0 0 0 0 0])
  ("push" .
   [2 0 0 0])
  ("->" .
   [2 0])
  ("begin_date" .
   [0 0 0 0 1 0 0 0 0 0])
  ("data" .
   [2 0 0 0])
  ("moment" .
   [2 0 0 0 0 0])
  ("paintWeekend" .
   [0 0 0 0 1 0 0 0 0 0 0 0])
  ("days" .
   [1 0 0 0])
  ("color" .
   [1 0 0 0 0])
  ("12*3600*1000" .
   [0 0 0 1 0 0 0 0 0 0 0 0])
  ("to" .
   [1 0])
  ("parse" .
   [2 0 0 0 0])
  ("from" .
   [1 0 0 0])
  ("add" .
   [2 0 0])
  ("paintDay" .
   [0 0 0 0 2 0 0 0])
  ("==" .
   [2 0])
  ("day" .
   [7 0 0])
  ("context" .
   [1 0 0 0 0 0 0])
  ("page:" .
   [3 0 0 0 2])
  ("root_path" .
   [1 0 0 0 1 0 0 0 0])
  ("ranking:" .
   [3 0 0 1 2 0 1 0])
  ("oversea" .
   [1 0 0 0 0 0 0])
  ("status" .
   [1 0 0 0 0 0])
  ("expect" .
   [4 0 0 1 0 2])
  ("users_path" .
   [4 0 0 0 0 0 1 0 0 2])
  ("error_users_path" .
   [0 0 0 0 1 0 0 0 0 0 0 0 0 0 0 0])
  ("redirect_to" .
   [0 0 0 0 0 0 1 0 1 0 0])
  (":page" .
   [4 0 0 2 0])
  ("END" .
   [1 0 0])
  ("limit" .
   [4 0 0 0 0])
  ("controller" .
   [2 0 0 0 0 0 2 1 0 0])
  ("page" .
   [9 0 0 0])
  ("php?output" .
   [0 0 0 0 0 0 0 0 0 1])
  ("parameter" .
   [1 0 0 0 0 0 0 0 0])
  ("ranking_type" .
   [0 0 0 0 0 1 0 0 0 0 0 0])
  ("post" .
   [1 0 0 0])
  ("follower" .
   [2 0 0 0 0 0 0 0])
  (":data_format" .
   [0 0 0 0 0 1 0 0 0 0 0 0])
  ("transions" .
   [1 0 0 0 0 0 0 0 0])
  ("map" .
   [1 0 0])
  (":following_count" .
   [0 0 0 0 0 0 0 0 0 0 0 0 1 0 0 0])
  (":follower_count" .
   [0 0 0 0 0 0 0 0 0 0 1 0 0 0 0])
  ("post_count" .
   [1 0 0 0 0 0 0 0 0 0])
  ("transitions" .
   [3 0 0 0 0 0 0 0 0 0 0])
  ("date" .
   [2 0 0 0])
  ("screen_name" .
   [0 0 0 0 0 3 1 0 0 0 0])
  ("user" .
   [3 0 0 0])
  ("binding" .
   [0 0 0 7 3 2 1])
  ("transition_as_graph_data" .
   [0 0 0 0 1 0 0 0 0 0 0 0 0 0 0 0 0 0 0 0 0 0 0 0])
  ("transition" .
   [2 0 0 0 0 0 1 0 0 0])
  ("setopt" .
   [0 0 0 3 0 0])
  ("save-buffers-kill-terminal" .
   [0 0 0 0 0 0 0 0 0 0 0 0 0 0 0 0 0 0 0 0 1 0 0 0 0 0])
  ("save-buffers-kill-emacs" .
   [0 0 0 0 0 0 1 0 0 0 0 0 0 0 0 0 0 0 0 0 0 0 0])
  ("server-edit" .
   [0 0 0 0 0 0 0 0 1 0 0])
  ("emacs" .
   [1 0 0 0 0])
  ("scroll-down-command" .
   [0 0 0 0 0 0 0 0 0 0 0 0 0 0 1 0 0 0 0])
  ("scroll-down" .
   [0 0 0 0 1 0 0 0 0 0 0])
  ("done" .
   [1 0 1 0])
  ("test" .
   [1 0 0 0])
  ("echo" .
   [8 0 0 0])
  ("to_i" .
   [1 0 0 2])
  ("ark" .
   [2 0 0])
  ("zip" .
   [1 0 0])
  ("arw" .
   [2 0 0])
  ("elementk" .
   [3 0 0 0 0 0 0 0])
  ("elementw" .
   [3 0 0 0 0 1 0 0])
  ("l" .
   [1])
  ("split" .
   [1 0 0 0 0])
  ("element" .
   [0 0 0 1 1 1 0])
  ("linek" .
   [4 0 0 0 0])
  ("linew" .
   [4 0 0 0 0])
  ("kohaku" .
   [1 0 0 0 0 1])
  ("gets" .
   [2 0 0 0])
  ("whole" .
   [2 0 0 0 0])
  ("if" .
   [3 0])
  ("return" .
   [0 0 0 1 0 0])
  ("puts" .
   [1 0 0 0])
  ("row" .
   [4 0 0])
  ("print" .
   [2 0 0 0 0])
  ("STDOUT" .
   [0 0 1 2 0 0])
  ("do" .
   [5 0])
  ("select" .
   [0 0 0 0 1 0])
  ("dbh" .
   [3 1 0])
  ("ruby" .
   [1 0 0 0])
  ("void" .
   [0 0 0 1])
  ("static" .
   [0 0 0 0 0 1])
  ("class" .
   [1 0 0 1 0])
  ("public" .
   [0 0 0 0 2 1])
  ("recentf-max-saved-items" .
   [0 0 0 0 0 0 0 0 0 0 0 1 0 0 0 0 0 0 0 0 0 0 0])
  ("recentf" .
   [1 0 0 0 1 0 0])
  ("setq" .
   [2 0 2 1])
  ("recentf-ext" .
   [1 0 1 1 0 0 1 0 0 0 0])
  ("alias" .
   [3 0 0 2 1])
  ("zstyle" .
   [0 0 0 1 0 0])
  ("delta" .
   [0 0 1 0 0])
  ("asdf" .
   [0 0 1 0])
  ("include" .
   [1 0 2 0 0 0 0])
  ("default" .
   [2 0 1 1 0 0 1])
  ("for" .
   [0 0 1])
  ("auto" .
   [0 0 0 1])
  ("require" .
   [2 0 2 1 1 0 0])
  ("sticky" .
   [1 0 0 0 0 0])
  ("global-set-key" .
   [0 0 0 4 0 0 0 0 0 0 0 0 0 0])
  ("server" .
   [0 0 0 6 0 0])
  ("server-start" .
   [0 0 0 0 0 0 0 0 0 1 0 0])
  ("defun" .
   [0 0 0 1 0])
  ("unless" .
   [0 0 0 1 0 0])
  ("add-hook" .
   [0 0 0 0 1 0 0 0])
  ("iconify-frame" .
   [0 0 0 1 0 0 0 0 0 0 0 0 0])
  ("iconify-emacs-when-server-is-done" .
   [0 0 0 0 0 0 0 0 0 0 0 0 1 0 0 0 0 0 0 0 0 0 0 0 0 0 0 0 0 0 0 0 0])
  ("kbd" .
   [1 0 0])
  ("export" .
   [0 0 1 0 2 1])
  ("emacsclient" .
   [0 0 0 1 1 2 0 0 0 0 0])
  ("when" .
   [1 0 0 1])
  ("recentf-mode" .
   [1 0 0 0 0 0 0 0 0 0 0 0])
  ("as" .
   [1 0])
  ("int" .
   [12 0 0])
  ("stdio" .
   [1 0 0 0 0])
  ("smarter-compile" .
   [0 0 0 0 0 0 0 1 0 0 0 0 0 0 0])
  ("ac-help" .
   [0 0 0 0 0 1 0])
  ("ac-persist-help" .
   [0 0 0 0 0 0 0 1 0 0 0 0 0 0 0])
  ("expr" .
   [1 0 0 0])
  ("interface" .
   [0 0 0 0 0 1 0 0 0])
  ("color-theme-tomorrow-night-bright" .
   [0 0 0 0 0 0 0 0 0 0 0 0 0 0 0 0 1 0 0 0 0 0 0 0 0 0 0 0 0 0 0 0 0])
  ("isearch" .
   [0 0 0 0 1 0 0])
  ("isearch-allow-scroll" .
   [0 0 0 0 0 0 0 0 0 0 0 1 0 0 0 0 0 0 0 0])
  ("nil" .
   [1 0 0])
  ("spot" .
   [1 0 0 0])
  ("Spot" .
   [1 0 0 0])
  ("params" .
   [7 0 0 0 3 1])
  (":id" .
   [1 0 0])
  ("resources" .
   [1 0 0 1 1 0 0 0 0])
  ("ApplicationController" .
   [0 0 0 0 0 1 0 0 0 0 0 0 0 0 0 0 0 0 0 0 0])
  ("index" .
   [2 0 0 0 0])
  ("User" .
   [2 0 0 0])
  ("all" .
   [2 0 0])
  ("attrs" .
   [3 0 0 0 0])
  ("pry" .
   [8 0 3])
  ("users" .
   [2 0 0 0 0])
  ("users_attributes" .
   [0 0 0 0 0 1 0 0 0 0 0 0 0 0 0 0])
  ("following" .
   [2 0 0 0 0 0 0 0 0])
  ("follower_count" .
   [1 0 0 0 0 0 0 0 0 0 0 0 0 0])
  ("get" .
   [7 0 0])
  ("to:" .
   [1 0 1])
  ("update" .
   [3 0 0 0 1 1])
  ("response" .
   [2 0 0 0 0 1 0 0])
  ("client" .
   [1 0 0 0 0 0])
  ("id" .
   [5 0])
  ("Client" .
   [0 0 0 0 1 0])
  ("new" .
   [0 0 1])
  ("get_update_user" .
   [0 0 0 1 0 0 0 0 0 0 0 0 0 0 0])
  (":user_id" .
   [0 0 0 0 0 2 0 0])
  ("render" .
   [0 0 0 0 1 0])
  ("update_user" .
   [1 0 0 0 1 0 0 0 0 0 0])
  ("json" .
   [3 0 0 0])
  (":development" .
   [0 0 0 0 0 0 0 1 0 0 0 0])
  ("gem" .
   [1 0 0])
  ("navbar" .
   [0 0 0 0 1 0])
  ("navbar-inner" .
   [0 0 0 0 0 0 0 0 0 0 1 0])
  ("container" .
   [0 0 0 0 0 0 1 0 0])
  ("link_to" .
   [0 0 1 2 0 0 0])
  ("Home" .
   [1 0 0 0])
  ("Instagram" .
   [3 0 0 0 0 0 0 0 0])
  ("s" .
   [2])
  ("style=" .
   [0 0 0 1 2 1])
  ("padding-top" .
   [0 0 0 0 0 0 1 0 0 0 0])
  ("col-md-6" .
   [1 0 0 0 0 0 0 0])
  ("さんのランキング" .
   [1 0 0 1 0 0 0 0])
  ("meta" .
   [1 0 0 0])
  ("property=" .
   [0 0 0 0 0 1 0 0 0])
  ("content=" .
   [1 0 0 0 0 1 0 0])
  ("col-xs-12" .
   [1 0 0 0 0 0 0 0 0])
  ("image_tag" .
   [3 0 0 0 0 0 0 0 0])
  ("84x84" .
   [1 0 0 0 0])
  ("png" .
   [1 0 0])
  ("users_url" .
   [0 0 0 0 0 0 0 1 0])
  ("target" .
   [0 0 0 1 0 0])
  ("_blank" .
   [0 0 0 0 1 0])
  ("link-visited" .
   [0 0 0 0 0 1 0 0 0 0 0 0])
  ("h5" .
   [2 0])
  ("strip" .
   [0 0 0 0 1])
  ("価格調査" .
   [1 0 0 0])
  ("・Social" .
   [1 0 0 1 0 1 0])
  ("InsightのFBAPI" .
   [0 0 1 1 0 0 0 0 0 0 0 0 0])
  ("iPhone6" .
   [1 0 1 1 1 0 0])
  ("iPad" .
   [1 0 1 1])
  ("sharedInstance" .
   [0 0 1 1 0 3 0 0 0 0 0 0 0 0])
  ("self" .
   [2 0 1 3])
  ("inc" .
   [0 0 2])
  ("timeing" .
   [0 0 0 0 0 0 1])
  ("GrowthPush" .
   [0 0 0 0 1 0 0 0 0 0])
  ("A/B" .
   [1 0 0])
  ("executeCachedVariants" .
   [0 0 0 0 0 0 0 1 0 0 0 0 0 0 0 0 0 0 0 0 0])
  ("now" .
   [0 0 1])
  ("SDK" .
   [1 0 0])
  ("常に結果を考えて行動する" .
   [0 0 0 0 0 0 0 0 1 0 0 0])
  ("頂戴します" .
   [1 0 0 0 0])))
